#data as a python object
{
"solar":{"data":[['0-23',0]]}
#"solar":{"data": [[0,0],[1,0],[2,0],[3,0],[4,0],[5,0],[6,1],[7,5],[8,9],[9,15],[10,20],[11,25],[12,26]
#          ,[13,25],[14,22],[15,20],[16,15],[17,10],[18,5],[19,3],[20,0],[21,0],[22,0],[23,0]]
#         }
,"consumed":{"data":[[0,5],[1,5],[2,5],[3,5],[4,5],[5,5],[6,8],[7,15],[8,15],[9,25],[10,40],[11,45],[12,50]
          ,[13,55],[14,55],[15,50],[16,45],[17,40],[18,35],[19,20],[20,20],[21,15],[22,5],[23,5]]
          }
,"tieredPrice":{"data": [['0-7',.10],['8-17',0.20],['18-23',0.1]]}
,"battery":{"properties":{"Pmax":10,"Pmin":-5,"ChgInitial":15}}
#,"battery":{"properties":{"Pmax":0,"Pmin":0,"ChgInitial":15}}
,"batteryChg":{"properties":{"ChgMax":30,"ChgMin":4}}
}
